0 207
1 522
2 546
3 476
4 951
5 197
6 881
7 513
8 647
9 490
10 710
11 871
12 675
13 0
14 312
15 324
16 809
17 846
18 781
19 757
20 575
21 255
22 114
23 19
24 687
25 416
26 966
27 169
28 225
29 296
30 765
31 936
32 959
33 59
34 256
35 648
36 762
37 108
38 552
39 358
40 544
41 94
42 745
43 775
44 514
45 309
46 953
47 132
48 32
49 87
50 322
51 707
52 845
53 533
54 735
55 674
56 220
57 647
58 662
59 642
60 143
61 252
62 557
63 618
64 904
65 341
66 193
67 162
68 692
69 581
70 866
71 432
72 109
73 135
74 883
75 120
76 249
77 560
78 617
79 549
80 834
81 645
82 298
83 525
84 818
85 60
86 275
87 937
88 827
89 381
90 373
91 932
92 761
93 671
94 296
95 768
96 272
97 323
98 483
99 669
100 898
101 496
102 820
103 470
104 74
105 96
106 863
107 337
108 550
109 968
110 26
111 678
112 889
113 827
114 211
115 494
116 751
117 329
118 735
119 505
120 893
121 452
122 964
123 279
124 476
125 756
126 853
127 615
128 451
129 945
130 738
131 558
132 541
133 927
134 316
135 60
136 21
137 402
138 187
139 934
140 510
141 489
142 753
143 707
144 966
145 402
146 920
147 827
148 887
149 407
150 504
151 289
152 622
153 719
154 879
155 878
156 866
157 733
158 522
159 389
160 41
161 921
162 260
163 554
164 281
165 819
166 128
167 852
168 493
169 983
170 266
171 905
172 818
173 876
174 689
175 628
176 64
177 812
178 286
179 644
180 664
181 727
182 807
183 371
184 747
185 425
186 811
187 349
188 647
189 582
190 543
191 259
192 610
193 531
194 144
195 776
196 326
197 876
198 250
199 158
200 554
201 327
202 575
203 719
204 195
205 889
206 992
207 666
208 297
209 472
210 803
211 835
212 385
213 621
214 494
215 844
216 140
217 478
218 946
219 727
220 113
221 798
222 536
223 273
224 950
225 213
226 937
227 86
228 961
229 649
230 976
231 591
232 30
233 50
234 729
235 287
236 145
237 483
238 934
239 974
240 738
241 531
242 151
243 352
244 152
245 795
246 49
247 946
248 399
249 109
250 369
251 684
252 390
253 357
254 372
255 531
256 911
257 253
258 973
259 53
260 965
261 413
262 169
263 91
264 294
265 324
266 717
267 696
268 836
269 92
270 814
271 206
272 439
273 440
274 742
275 47
276 530
277 338
278 647
279 715
280 693
281 73
282 873
283 668
284 737
285 338
286 181
287 429
288 45
289 441
290 58
291 624
292 92
293 80
294 67
295 755
296 496
297 102
298 116
299 829
300 833
301 282
302 14
303 924
304 118
305 242
306 145
307 733
308 275
309 848
310 396
311 655
312 7
313 938
314 629
315 728
316 221
317 122
318 68
319 325
320 2
321 231
322 857
323 984
324 881
325 891
326 670
327 423
328 685
329 693
330 529
331 328
332 770
333 325
334 675
335 694
336 71
337 615
338 93
339 174
340 434
341 991
342 513
343 198
344 735
345 182
346 197
347 461
348 558
349 995
350 512
351 923
352 729
353 741
354 612
355 29
356 188
357 838
358 741
359 101
360 520
361 505
362 330
363 107
364 560
365 358
366 18
367 390
368 640
369 36
370 448
371 267
372 442
373 769
374 296
375 612
376 146
377 58
378 706
379 923
380 665
381 506
382 654
383 353
384 675
385 925
386 872
387 865
388 326
389 17
390 169
391 502
392 467
393 675
394 476
395 193
396 504
397 847
398 517
399 658
400 400
401 583
402 943
403 986
404 905
405 219
406 775
407 271
408 504
409 208
410 114
411 196
412 530
413 564
414 887
415 485
416 156
417 471
418 147
419 960
420 345
421 252
422 228
423 276
424 772
425 221
426 381
427 204
428 407
429 828
430 529
431 784
432 8
433 729
434 11
435 64
436 7
437 429
438 469
439 663
440 54
441 686
442 950
443 212
444 149
445 170
446 824
447 136
448 182
449 398
450 468
451 548
452 841
453 605
454 359
455 66
456 603
457 31
458 84
459 921
460 134
461 514
462 767
463 327
464 153
465 49
466 889
467 578
468 919
469 246
470 546
471 493
472 531
473 3
474 994
475 546
476 67
477 736
478 701
479 979
480 415
481 80
482 682
483 973
484 672
485 979
486 865
487 645
488 742
489 236
490 874
491 424
492 520
493 297
494 523
495 822
496 669
497 910
498 729
499 637
500 572
501 90
502 444
503 184
504 896
505 837
506 260
507 730
508 329
509 266
510 161
511 546
512 568
513 997
514 593
515 685
516 417
517 989
518 633
519 673
520 85
521 800
522 204
523 804
524 610
525 306
526 240
527 26
528 708
529 557
530 533
531 489
532 141
533 65
534 255
535 76
536 373
537 798
538 927
539 279
540 851
541 513
542 262
543 329
544 607
545 108
546 940
547 309
548 705
549 994
550 172
551 149
552 348
553 866
554 758
555 33
556 196
557 110
558 267
559 257
560 478
561 719
562 42
563 1
564 435
565 768
566 877
567 637
568 363
569 492
570 392
571 617
572 576
573 693
574 256
575 380
576 250
577 764
578 188
579 403
580 538
581 318
582 537
583 830
584 131
585 412
586 352
587 884
588 959
589 374
590 451
591 813
592 767
593 223
594 243
595 530
596 206
597 231
598 576
599 14
600 773
601 808
602 908
603 853
604 401
605 580
606 711
607 126
608 805
609 108
610 496
611 939
612 474
613 482
614 510
615 717
616 893
617 381
618 169
619 246
620 829
621 685
622 873
623 502
624 356
625 737
626 350
627 752
628 142
629 290
630 33
631 829
632 247
633 396
634 996
635 677
636 829
637 207
638 262
639 338
640 735
641 779
642 37
643 634
644 777
645 499
646 595
647 115
648 724
649 76
650 151
651 41
652 431
653 883
654 560
655 435
656 163
657 361
658 176
659 123
660 898
661 558
662 694
663 608
664 791
665 597
666 123
667 619
668 114
669 636
670 670
671 219
672 288
673 454
674 969
675 950
676 669
677 436
678 521
679 150
680 159
681 597
682 967
683 718
684 944
685 735
686 222
687 545
688 698
689 484
690 611
691 628
692 665
693 918
694 145
695 335
696 78
697 349
698 36
699 823
700 767
701 187
702 858
703 853
704 7
705 371
706 320
707 40
708 391
709 350
710 457
711 475
712 57
713 873
714 257
715 946
716 317
717 31
718 154
719 756
720 660
721 160
722 249
723 970
724 630
725 400
726 170
727 362
728 880
729 324
730 629
731 938
732 90
733 538
734 823
735 543
736 14
737 721
738 865
739 355
740 416
741 472
742 675
743 239
744 791
745 445
746 490
747 291
748 590
749 669
750 38
751 346
752 249
753 713
754 794
755 214
756 199
757 405
758 343
759 109
760 229
761 68
762 140
763 538
764 181
765 808
766 779
767 583
768 724
769 397
770 58
771 976
772 190
773 61
774 463
775 659
776 804
777 115
778 103
779 194
780 119
781 961
782 590
783 841
784 84
785 926
786 519
787 540
788 690
789 896
790 865
791 248
792 420
793 345
794 442
795 276
796 149
797 760
798 556
799 196
800 152
801 11
802 587
803 951
804 197
805 638
806 116
807 137
808 692
809 557
810 833
811 257
812 776
813 847
814 278
815 960
816 753
817 173
818 342
819 370
820 824
821 322
822 483
823 639
824 180
825 809
826 358
827 581
828 255
829 617
830 238
831 322
832 357
833 816
834 273
835 614
836 889
837 66
838 72
839 119
840 520
841 742
842 276
843 418
844 384
845 864
846 594
847 950
848 292
849 996
850 547
851 975
852 608
853 821
854 745
855 680
856 538
857 353
858 993
859 245
860 825
861 473
862 159
863 521
864 775
865 76
866 146
867 464
868 945
869 771
870 591
871 956
872 77
873 551
874 550
875 328
876 269
877 542
878 608
879 768
880 937
881 166
882 875
883 201
884 566
885 333
886 483
887 800
888 730
889 993
890 987
891 94
892 604
893 131
894 127
895 427
896 674
897 469
898 328
899 660
900 224
901 347
902 813
903 472
904 324
905 876
906 162
907 566
908 396
909 475
910 35
911 401
912 531
913 958
914 879
915 713
916 843
917 550
918 265
919 606
920 646
921 13
922 566
923 734
924 365
925 962
926 586
927 573
928 344
929 901
930 56
931 483
932 858
933 494
934 290
935 14
936 946
937 127
938 671
939 638
940 893
941 889
942 161
943 384
944 101
945 702
946 775
947 638
948 858
949 397
950 133
951 550
952 886
953 150
954 482
955 563
956 253
957 921
958 981
959 650
960 283
961 238
962 227
963 873
964 423
965 185
966 52
967 174
968 477
969 210
970 122
971 231
972 331
973 201
974 64
975 289
976 836
977 172
978 729
979 595
980 332
981 279
982 947
983 913
984 65
985 980
986 582
987 703
988 974
989 603
990 953
991 564
992 540
993 37
994 676
995 923
996 771
997 649
998 361
999 975